Altai ANE Dai Karitiana Mbuti Onge
Altai 0 0.896 0.735 0.8398125 0.553 0.788
ANE 0.896 0 0.287 0.3318125 0.415 0.34
Dai 0.735 0.287 0 0.1603125 0.254 0.139
Karitiana 0.8398125 0.3318125 0.1603125 0 0.3588125 0.2538125
Mbuti 0.553 0.415 0.254 0.3588125 0 0.307
Onge 0.788 0.34 0.139 0.2538125 0.307 0
