Karitiana LBK_EN Loschbour MA1 Mbuti Onge
Karitiana 0 0.2577631 0.2777444 0.5668444 0.3724644 0.2468444
LBK_EN 0.2577631 0 0.1651731 0.5387531 0.2957931 0.2197131
Loschbour 0.2777444 0.1651731 0 0.552 0.344 0.244
MA1 0.5668444 0.5387531 0.552 0 0.676 0.576
Mbuti 0.3724644 0.2957931 0.344 0.676 0 0.32
Onge 0.2468444 0.2197131 0.244 0.576 0.32 0
