popA popB popC popD popE 
popA 0.00480792 0.000882871 -0.00197987 0.000288912 -0.00399984
popB 0.000882871 0.00996649 -0.00061462 -0.00560098 -0.00463377
popC -0.00197987 -0.00061462 0.0113674 -0.0048699 -0.00390304
popD 0.000288912 -0.00560098 -0.0048699 0.0132048 -0.00302287
popE -0.00399984 -0.00463377 -0.00390304 -0.00302287 0.0155595
