Karitiana LBK_EN Loschbour MA1 Mbuti Onge 
Karitiana 0.00176423 -0.000317668 -0.000306608 -0.000703616 -0.000260634 -0.000175708
LBK_EN -0.000317668 0.00114137 8.18329e-05 -0.000692259 -0.000102332 -0.000110948
Loschbour -0.000306608 8.18329e-05 0.00109915 -0.000676823 -0.00010023 -9.73179e-05
MA1 -0.000703616 -0.000692259 -0.000676823 0.00346343 -0.000702932 -0.000687799
Mbuti -0.000260634 -0.000102332 -0.00010023 -0.000702932 0.00120379 -3.76632e-05
Onge -0.000175708 -0.000110948 -9.73179e-05 -0.000687799 -3.76632e-05 0.00110944
