BakaDG FrenchDG HanDG MixeDG1 MixeDG2 UlchiDG 
BakaDG 0.00398274 0.000334658 -0.000713143 -0.00156155 -0.00134521 -0.000697495
FrenchDG 0.000334658 0.0016645 -0.000271009 -0.000806849 -0.000695012 -0.000226287
HanDG -0.000713143 -0.000271009 0.0009458 -0.000303789 -0.000270199 0.000612341
MixeDG1 -0.00156155 -0.000806849 -0.000303789 0.00224932 0.00105008 -0.000627216
MixeDG2 -0.00134521 -0.000695012 -0.000270199 0.00105008 0.00161965 -0.000359308
UlchiDG -0.000697495 -0.000226287 0.000612341 -0.000627216 -0.000359308 0.00129796
