popA popB popC popD popE 
popA 0.00481409 0.000893913 -0.00203311 0.000305155 -0.00398004
popB 0.000893913 0.00992192 -0.000670209 -0.00554015 -0.00460548
popC -0.00203311 -0.000670209 0.0113935 -0.00481889 -0.0038713
popD 0.000305155 -0.00554015 -0.00481889 0.0130803 -0.00302643
popE -0.00398004 -0.00460548 -0.0038713 -0.00302643 0.0154833
