BakaDG FrenchDG HanDG MixeDG UlchiDG 
BakaDG 0.00442341 -0.000306226 -0.00125093 -0.00150729 -0.00135896
FrenchDG -0.000306226 0.00169448 -0.000339905 -0.00070936 -0.000338988
HanDG -0.00125093 -0.000339905 0.000947993 -6.89246e-05 0.000711769
MixeDG -0.00150729 -0.00070936 -6.89246e-05 0.0024184 -0.000132826
UlchiDG -0.00135896 -0.000338988 0.000711769 -0.000132826 0.00111901
