popA popB popC popD popE 
popA 0.00458752 0.000921436 -0.00182978 0.000219477 -0.00389865
popB 0.000921436 0.00947295 -0.000712509 -0.00538323 -0.00429865
popC -0.00182978 -0.000712509 0.0114788 -0.00494204 -0.00399449
popD 0.000219477 -0.00538323 -0.00494204 0.0132624 -0.00315658
popE -0.00389865 -0.00429865 -0.00399449 -0.00315658 0.0153484
