BakaDG FrenchDG HanDG MixeDG UlchiDG 
BakaDG 0.00425685 -0.000314603 -0.00117235 -0.00151442 -0.00125549
FrenchDG -0.000314603 0.00167784 -0.000368164 -0.000586028 -0.000409047
HanDG -0.00117235 -0.000368164 0.000952151 -4.26925e-05 0.000631052
MixeDG -0.00151442 -0.000586028 -4.26925e-05 0.00219524 -5.21038e-05
UlchiDG -0.00125549 -0.000409047 0.000631052 -5.21038e-05 0.00108558
