BakaDG FrenchDG HanDG MixeDG1 MixeDG2 UlchiDG 
BakaDG 0.00342038 0.00071365 -0.000461822 -0.00152707 -0.00137951 -0.000765631
FrenchDG 0.00071365 0.00124841 -4.44444e-06 -0.000749852 -0.0010234 -0.000184365
HanDG -0.000461822 -4.44444e-06 0.00081284 -0.000464371 -0.000575858 0.000693655
MixeDG1 -0.00152707 -0.000749852 -0.000464371 0.00246106 0.0010381 -0.000757863
MixeDG2 -0.00137951 -0.0010234 -0.000575858 0.0010381 0.00224216 -0.000301493
UlchiDG -0.000765631 -0.000184365 0.000693655 -0.000757863 -0.000301493 0.0013157
