BakaDG FrenchDG HanDG MixeDG UlchiDG 
BakaDG 0.00456251 7.09281e-05 -0.00160601 -0.00198828 -0.00103915
FrenchDG 7.09281e-05 0.00136113 -0.000479261 -0.000798933 -0.000153865
HanDG -0.00160601 -0.000479261 0.00127495 0.0002183 0.000592013
MixeDG -0.00198828 -0.000798933 0.0002183 0.00279366 -0.000224741
UlchiDG -0.00103915 -0.000153865 0.000592013 -0.000224741 0.000825745
