BakaDG FrenchDG HanDG MixeDG1 MixeDG2 UlchiDG 
BakaDG 0.00406939 0.000365338 -0.000669163 -0.0016486 -0.0014454 -0.000671568
FrenchDG 0.000365338 0.00174036 -0.000200313 -0.000980256 -0.000800296 -0.000124836
HanDG -0.000669163 -0.000200313 0.00104025 -0.00042393 -0.000354659 0.000607813
MixeDG1 -0.0016486 -0.000980256 -0.00042393 0.00232588 0.00126441 -0.000537503
MixeDG2 -0.0014454 -0.000800296 -0.000354659 0.00126441 0.00172113 -0.000385189
UlchiDG -0.000671568 -0.000124836 0.000607813 -0.000537503 -0.000385189 0.00111128
