Karitiana LBK_EN Loschbour MA1 Mbuti Onge 
Karitiana 0.00163677 -0.000266207 -0.000282036 -0.000673324 -0.000246999 -0.000168205
LBK_EN -0.000266207 0.00107543 6.61825e-05 -0.00066412 -9.25377e-05 -0.000118752
Loschbour -0.000282036 6.61825e-05 0.00116448 -0.000664407 -0.000139503 -0.00014472
MA1 -0.000673324 -0.00066412 -0.000664407 0.00340935 -0.000701197 -0.000706302
Mbuti -0.000246999 -9.25377e-05 -0.000139503 -0.000701197 0.00124441 -6.41716e-05
Onge -0.000168205 -0.000118752 -0.00014472 -0.000706302 -6.41716e-05 0.00120215
