popA popB popC popD popE 
popA 0.00456053 0.00134931 -0.00152158 -0.00037879 -0.00400947
popB 0.00134931 0.00910095 -0.000929406 -0.00526472 -0.00425614
popC -0.00152158 -0.000929406 0.011051 -0.00481181 -0.00378819
popD -0.00037879 -0.00526472 -0.00481181 0.0133925 -0.00293716
popE -0.00400947 -0.00425614 -0.00378819 -0.00293716 0.014991
