Karitiana LBK_EN Loschbour MA1 Mbuti Onge 
Karitiana 0.00163924 -0.000267127 -0.000282937 -0.000674349 -0.00024599 -0.000168841
LBK_EN -0.000267127 0.00107772 6.74634e-05 -0.00066589 -9.24247e-05 -0.000119746
Loschbour -0.000282937 6.74634e-05 0.00116625 -0.000666684 -0.000138633 -0.000145458
MA1 -0.000674349 -0.00066589 -0.000666684 0.00341854 -0.000702712 -0.000708901
Mbuti -0.00024599 -9.24247e-05 -0.000138633 -0.000702712 0.00124295 -6.31921e-05
Onge -0.000168841 -0.000119746 -0.000145458 -0.000708901 -6.31921e-05 0.00120614
