Karitiana LBK_EN Loschbour MA1 Mbuti Onge 
Karitiana 0.00162482 -0.000263319 -0.000281256 -0.00066946 -0.000244757 -0.00016603
LBK_EN -0.000263319 0.00107231 6.47554e-05 -0.000662266 -9.24846e-05 -0.000118998
Loschbour -0.000281256 6.47554e-05 0.00116855 -0.000664137 -0.00014118 -0.00014673
MA1 -0.00066946 -0.000662266 -0.000664137 0.00339845 -0.000699221 -0.000703366
Mbuti -0.000244757 -9.24846e-05 -0.00014118 -0.000699221 0.00124157 -6.39221e-05
Onge -0.00016603 -0.000118998 -0.00014673 -0.000703366 -6.39221e-05 0.00119905
