BakaDG FrenchDG HanDG MixeDG1 MixeDG2 UlchiDG 
BakaDG 0.0044156 0.000145673 -0.000678489 -0.00163531 -0.00149549 -0.000751983
FrenchDG 0.000145673 0.00180359 -0.000126542 -0.000861236 -0.000726131 -0.000235357
HanDG -0.000678489 -0.000126542 0.0010362 -0.000536551 -0.000415089 0.000720468
MixeDG1 -0.00163531 -0.000861236 -0.000536551 0.00228659 0.00124109 -0.000494581
MixeDG2 -0.00149549 -0.000726131 -0.000415089 0.00124109 0.00177552 -0.000379906
UlchiDG -0.000751983 -0.000235357 0.000720468 -0.000494581 -0.000379906 0.00114136
