BakaDG FrenchDG HanDG MixeDG UlchiDG 
BakaDG 0.00440708 -0.000186752 -0.00134958 -0.00155767 -0.00131308
FrenchDG -0.000186752 0.00160628 -0.000386676 -0.000678488 -0.000354361
HanDG -0.00134958 -0.000386676 0.00111513 4.11076e-06 0.000617019
MixeDG -0.00155767 -0.000678488 4.11076e-06 0.00238729 -0.00015524
UlchiDG -0.00131308 -0.000354361 0.000617019 -0.00015524 0.00120566
