BakaDG FrenchDG HanDG MixeDG1 MixeDG2 UlchiDG 
BakaDG 0.00440757 0.000188647 -0.000693588 -0.00166608 -0.00148367 -0.000752878
FrenchDG 0.000188647 0.00176676 -0.000127029 -0.000863341 -0.000736823 -0.000228213
HanDG -0.000693588 -0.000127029 0.00100618 -0.000523893 -0.00039173 0.000730058
MixeDG1 -0.00166608 -0.000863341 -0.000523893 0.00231331 0.00124722 -0.000507221
MixeDG2 -0.00148367 -0.000736823 -0.00039173 0.00124722 0.00174513 -0.00038013
UlchiDG -0.000752878 -0.000228213 0.000730058 -0.000507221 -0.00038013 0.00113838
