BakaDG FrenchDG HanDG MixeDG UlchiDG 
BakaDG 0.00410346 -0.000319079 -0.00110925 -0.00149347 -0.00118166
FrenchDG -0.000319079 0.00162451 -0.000355641 -0.000534275 -0.000415511
HanDG -0.00110925 -0.000355641 0.000971168 -9.63509e-05 0.000590071
MixeDG -0.00149347 -0.000534275 -9.63509e-05 0.00218066 -5.65612e-05
UlchiDG -0.00118166 -0.000415511 0.000590071 -5.65612e-05 0.00106366
