popA popB popC popD popE 
popA 0.0048148 0.000881543 -0.00202575 0.000311061 -0.00398165
popB 0.000881543 0.00994074 -0.000629977 -0.00557275 -0.00461955
popC -0.00202575 -0.000629977 0.0113782 -0.00484149 -0.00388103
popD 0.000311061 -0.00557275 -0.00484149 0.0131148 -0.00301163
popE -0.00398165 -0.00461955 -0.00388103 -0.00301163 0.0154939
