popA popB popC popD popE 
popA 0.00482195 0.000898784 -0.00203319 0.00030228 -0.00398982
popB 0.000898784 0.00993635 -0.000663787 -0.00555544 -0.00461591
popC -0.00203319 -0.000663787 0.0114054 -0.00483019 -0.00387821
popD 0.00030228 -0.00555544 -0.00483019 0.0131189 -0.00303558
popE -0.00398982 -0.00461591 -0.00387821 -0.00303558 0.0155195
