popA popB popC popD popE 
popA 0.00481564 0.000895263 -0.00203294 0.000300291 -0.00397826
popB 0.000895263 0.0099261 -0.000658197 -0.00554334 -0.00461982
popC -0.00203294 -0.000658197 0.0114069 -0.00483301 -0.00388272
popD 0.000300291 -0.00554334 -0.00483301 0.0131091 -0.00303308
popE -0.00397826 -0.00461982 -0.00388272 -0.00303308 0.0155139
