Karitiana LBK_EN Loschbour MA1 Mbuti Onge 
Karitiana 0.00164034 -0.000267614 -0.000283462 -0.000672475 -0.000246993 -0.000169794
LBK_EN -0.000267614 0.00107811 6.65631e-05 -0.000665485 -9.22471e-05 -0.000119323
Loschbour -0.000283462 6.65631e-05 0.00116583 -0.000665507 -0.00013853 -0.000144889
MA1 -0.000672475 -0.000665485 -0.000665507 0.00341423 -0.000702615 -0.000708148
Mbuti -0.000246993 -9.22471e-05 -0.00013853 -0.000702615 0.0012438 -6.34105e-05
Onge -0.000169794 -0.000119323 -0.000144889 -0.000708148 -6.34105e-05 0.00120556
