popA popB popC popD popE 
popA 0.00480039 0.000888686 -0.00202858 0.000314994 -0.0039755
popB 0.000888686 0.00994284 -0.00064007 -0.00556426 -0.00462719
popC -0.00202858 -0.00064007 0.011401 -0.00482828 -0.00390406
popD 0.000314994 -0.00556426 -0.00482828 0.013098 -0.00302045
popE -0.0039755 -0.00462719 -0.00390406 -0.00302045 0.0155272
