BakaDG FrenchDG HanDG MixeDG UlchiDG 
BakaDG 0.00404404 -0.000305451 -0.00108636 -0.001489 -0.00116323
FrenchDG -0.000305451 0.00162014 -0.000351937 -0.000523009 -0.000439745
HanDG -0.00108636 -0.000351937 0.00096112 -0.000132925 0.000610102
MixeDG -0.001489 -0.000523009 -0.000132925 0.00220549 -6.05629e-05
UlchiDG -0.00116323 -0.000439745 0.000610102 -6.05629e-05 0.00105343
