BakaDG FrenchDG HanDG MixeDG1 MixeDG2 UlchiDG 
BakaDG 0.00437418 0.000231777 -0.000727043 -0.00165151 -0.001498 -0.000729395
FrenchDG 0.000231777 0.00168848 -0.000126072 -0.0008443 -0.000747896 -0.000201986
HanDG -0.000727043 -0.000126072 0.00104342 -0.000486357 -0.000400021 0.000696076
MixeDG1 -0.00165151 -0.0008443 -0.000486357 0.00228787 0.00124186 -0.000547557
MixeDG2 -0.001498 -0.000747896 -0.000400021 0.00124186 0.0017808 -0.000376737
UlchiDG -0.000729395 -0.000201986 0.000696076 -0.000547557 -0.000376737 0.0011596
