BakaDG FrenchDG HanDG MixeDG UlchiDG 
BakaDG 0.00402073 -0.000308512 -0.00107991 -0.00148537 -0.00114693
FrenchDG -0.000308512 0.00160908 -0.000345632 -0.000511381 -0.000443549
HanDG -0.00107991 -0.000345632 0.000948313 -0.000135842 0.000613073
MixeDG -0.00148537 -0.000511381 -0.000135842 0.00220601 -7.34079e-05
UlchiDG -0.00114693 -0.000443549 0.000613073 -7.34079e-05 0.00105082
