Karitiana LBK_EN Loschbour MA1 Mbuti Onge 
Karitiana 0.00168323 -0.000284974 -0.00029741 -0.000683848 -0.000252011 -0.000164983
LBK_EN -0.000284974 0.00109023 6.90698e-05 -0.000652966 -9.55987e-05 -0.000125759
Loschbour -0.00029741 6.90698e-05 0.00115016 -0.000648052 -0.000133388 -0.000140383
MA1 -0.000683848 -0.000652966 -0.000648052 0.00333913 -0.000676348 -0.000677921
Mbuti -0.000252011 -9.55987e-05 -0.000133388 -0.000676348 0.00120948 -5.21302e-05
Onge -0.000164983 -0.000125759 -0.000140383 -0.000677921 -5.21302e-05 0.00116118
