BakaDG FrenchDG HanDG MixeDG1 MixeDG2 UlchiDG 
BakaDG 0.0043925 0.000147215 -0.000677267 -0.00163534 -0.00149026 -0.000736848
FrenchDG 0.000147215 0.00179672 -0.000119408 -0.000858748 -0.000736073 -0.000229708
HanDG -0.000677267 -0.000119408 0.00101809 -0.000531444 -0.000424801 0.000734826
MixeDG1 -0.00163534 -0.000858748 -0.000531444 0.00228352 0.00125094 -0.000508925
MixeDG2 -0.00149026 -0.000736073 -0.000424801 0.00125094 0.00179014 -0.000389951
UlchiDG -0.000736848 -0.000229708 0.000734826 -0.000508925 -0.000389951 0.0011306
