Karitiana LBK_EN Loschbour MA1 Mbuti Onge 
Karitiana 0.00162396 -0.000277291 -0.000289625 -0.000647048 -0.000248338 -0.000161662
LBK_EN -0.000277291 0.0010981 5.68625e-05 -0.000641661 -0.000104806 -0.000131207
Loschbour -0.000289625 5.68625e-05 0.00116332 -0.000640517 -0.000141603 -0.00014844
MA1 -0.000647048 -0.000641661 -0.000640517 0.00327699 -0.000674808 -0.000672955
Mbuti -0.000248338 -0.000104806 -0.000141603 -0.000674808 0.00123647 -6.69148e-05
Onge -0.000161662 -0.000131207 -0.00014844 -0.000672955 -6.69148e-05 0.00118118
