Karitiana LBK_EN Loschbour MA1 Mbuti Onge 
Karitiana 0.00162496 -0.000265485 -0.000283299 -0.000664949 -0.000244671 -0.000166551
LBK_EN -0.000265485 0.0010728 6.49844e-05 -0.000663635 -9.12154e-05 -0.000117447
Loschbour -0.000283299 6.49844e-05 0.00116991 -0.000665877 -0.000139952 -0.00014577
MA1 -0.000664949 -0.000663635 -0.000665877 0.00339251 -0.000697485 -0.000700567
Mbuti -0.000244671 -9.12154e-05 -0.000139952 -0.000697485 0.00123444 -6.11194e-05
Onge -0.000166551 -0.000117447 -0.00014577 -0.000700567 -6.11194e-05 0.00119145
