Karitiana LBK_EN Loschbour MA1 Mbuti Onge 
Karitiana 0.00163885 -0.000267337 -0.000282899 -0.000673954 -0.000245684 -0.000168976
LBK_EN -0.000267337 0.00107892 6.68754e-05 -0.000666413 -9.20182e-05 -0.000120032
Loschbour -0.000282899 6.68754e-05 0.00116743 -0.000667646 -0.000137982 -0.000145775
MA1 -0.000673954 -0.000666413 -0.000667646 0.00342134 -0.000703343 -0.000709982
Mbuti -0.000245684 -9.20182e-05 -0.000137982 -0.000703343 0.00124254 -6.35086e-05
Onge -0.000168976 -0.000120032 -0.000145775 -0.000709982 -6.35086e-05 0.00120827
