BakaDG FrenchDG HanDG MixeDG1 MixeDG2 UlchiDG 
BakaDG 0.00441861 0.000145607 -0.000689661 -0.00163489 -0.0014901 -0.000749565
FrenchDG 0.000145607 0.00180204 -0.000118528 -0.000863775 -0.000735773 -0.000229569
HanDG -0.000689661 -0.000118528 0.00100918 -0.000521122 -0.000416845 0.000736975
MixeDG1 -0.00163489 -0.000863775 -0.000521122 0.00226855 0.00125629 -0.000505053
MixeDG2 -0.0014901 -0.000735773 -0.000416845 0.00125629 0.00177727 -0.000390845
UlchiDG -0.000749565 -0.000229569 0.000736975 -0.000505053 -0.000390845 0.00113806
