Karitiana LBK_EN Loschbour MA1 Mbuti Onge 
Karitiana 6.03369e-06 1.54323e-06 1.53045e-06 3.12786e-06 1.54051e-06 1.63873e-06
LBK_EN 1.54323e-06 3.63072e-06 1.33098e-06 2.74241e-06 1.22488e-06 1.23944e-06
Loschbour 1.53045e-06 1.33098e-06 3.57259e-06 2.75156e-06 1.19836e-06 1.26266e-06
MA1 3.12786e-06 2.74241e-06 2.75156e-06 1.24625e-05 2.748e-06 2.73555e-06
Mbuti 1.54051e-06 1.22488e-06 1.19836e-06 2.748e-06 3.28937e-06 1.20332e-06
Onge 1.63873e-06 1.23944e-06 1.26266e-06 2.73555e-06 1.20332e-06 3.63381e-06
