BakaDG FrenchDG HanDG MixeDG1 MixeDG2 UlchiDG 
BakaDG 2.59485e-05 1.4638e-05 1.34247e-05 1.61045e-05 1.50337e-05 1.3564e-05
FrenchDG 1.4638e-05 1.8589e-05 1.1958e-05 1.42449e-05 1.38709e-05 1.24947e-05
HanDG 1.34247e-05 1.1958e-05 1.62557e-05 1.35113e-05 1.27996e-05 1.17041e-05
MixeDG1 1.61045e-05 1.42449e-05 1.35113e-05 2.35083e-05 1.60703e-05 1.37233e-05
MixeDG2 1.50337e-05 1.38709e-05 1.27996e-05 1.60703e-05 2.04099e-05 1.29446e-05
UlchiDG 1.3564e-05 1.24947e-05 1.17041e-05 1.37233e-05 1.29446e-05 1.67169e-05
