BakaDG FrenchDG HanDG MixeDG1 MixeDG2 UlchiDG 
BakaDG 2.85328e-05 1.60816e-05 1.47592e-05 1.77096e-05 1.64818e-05 1.49904e-05
FrenchDG 1.60816e-05 2.03554e-05 1.30542e-05 1.56643e-05 1.51295e-05 1.3702e-05
HanDG 1.47592e-05 1.30542e-05 1.75707e-05 1.47248e-05 1.39811e-05 1.28683e-05
MixeDG1 1.77096e-05 1.56643e-05 1.47248e-05 2.5676e-05 1.75626e-05 1.50121e-05
MixeDG2 1.64818e-05 1.51295e-05 1.39811e-05 1.75626e-05 2.25335e-05 1.42117e-05
UlchiDG 1.49904e-05 1.3702e-05 1.28683e-05 1.50121e-05 1.42117e-05 1.83036e-05
