Karitiana LBK_EN Loschbour MA1 Mbuti Onge 
Karitiana 6.75901e-06 1.73519e-06 1.71495e-06 3.44816e-06 1.73183e-06 1.83907e-06
LBK_EN 1.73519e-06 4.07058e-06 1.48949e-06 3.06556e-06 1.36932e-06 1.38832e-06
Loschbour 1.71495e-06 1.48949e-06 3.96646e-06 3.08665e-06 1.33349e-06 1.40958e-06
MA1 3.44816e-06 3.06556e-06 3.08665e-06 1.38405e-05 3.05495e-06 3.04769e-06
Mbuti 1.73183e-06 1.36932e-06 1.33349e-06 3.05495e-06 3.68484e-06 1.35114e-06
Onge 1.83907e-06 1.38832e-06 1.40958e-06 3.04769e-06 1.35114e-06 4.07378e-06
