Karitiana LBK_EN Loschbour MA1 Mbuti Onge 
Karitiana 7.7717e-06 1.96512e-06 1.98067e-06 3.98466e-06 1.98638e-06 2.09883e-06
LBK_EN 1.96512e-06 4.61545e-06 1.72959e-06 3.53997e-06 1.56914e-06 1.59408e-06
Loschbour 1.98067e-06 1.72959e-06 4.6454e-06 3.5781e-06 1.55706e-06 1.65168e-06
MA1 3.98466e-06 3.53997e-06 3.5781e-06 1.59325e-05 3.51409e-06 3.48339e-06
Mbuti 1.98638e-06 1.56914e-06 1.55706e-06 3.51409e-06 4.24289e-06 1.58427e-06
Onge 2.09883e-06 1.59408e-06 1.65168e-06 3.48339e-06 1.58427e-06 4.63492e-06
