Karitiana LBK_EN Loschbour MA1 Mbuti Onge 
Karitiana 5.50665e-06 1.41371e-06 1.40413e-06 2.84235e-06 1.40291e-06 1.50106e-06
LBK_EN 1.41371e-06 3.32138e-06 1.2058e-06 2.50273e-06 1.11373e-06 1.12271e-06
Loschbour 1.40413e-06 1.2058e-06 3.23733e-06 2.50426e-06 1.08317e-06 1.13866e-06
MA1 2.84235e-06 2.50273e-06 2.50426e-06 1.13473e-05 2.50509e-06 2.49552e-06
Mbuti 1.40291e-06 1.11373e-06 1.08317e-06 2.50509e-06 2.97666e-06 1.09366e-06
Onge 1.50106e-06 1.12271e-06 1.13866e-06 2.49552e-06 1.09366e-06 3.32083e-06
