BakaDG FrenchDG HanDG MixeDG1 MixeDG2 UlchiDG 
BakaDG 4.4877e-05 2.54114e-05 2.34931e-05 2.76119e-05 2.50625e-05 2.41913e-05
FrenchDG 2.54114e-05 3.27388e-05 2.07518e-05 2.52876e-05 2.35207e-05 2.19112e-05
HanDG 2.34931e-05 2.07518e-05 2.73483e-05 2.22913e-05 2.26601e-05 2.08313e-05
MixeDG1 2.76119e-05 2.52876e-05 2.22913e-05 4.07104e-05 2.75499e-05 2.41469e-05
MixeDG2 2.50625e-05 2.35207e-05 2.26601e-05 2.75499e-05 3.54144e-05 2.29309e-05
UlchiDG 2.41913e-05 2.19112e-05 2.08313e-05 2.41469e-05 2.29309e-05 3.01716e-05
