BakaDG FrenchDG HanDG MixeDG1 MixeDG2 UlchiDG 
BakaDG 0.000195231 0.000221454 0.000184813 0.000180272 0.000161745 0.000196203
FrenchDG 0.000221454 0.00031496 9.54087e-05 0.000248135 0.00023254 0.000221886
HanDG 0.000184813 9.54087e-05 0.000329934 0.00020838 0.000264172 0.000218257
MixeDG1 0.000180272 0.000248135 0.00020838 0.000473907 0.000258075 0.000286062
MixeDG2 0.000161745 0.00023254 0.000264172 0.000258075 0.000431638 0.000229916
UlchiDG 0.000196203 0.000221886 0.000218257 0.000286062 0.000229916 0.000265231
