Karitiana LBK_EN Loschbour MA1 Mbuti Onge 
Karitiana 3.16278e-05 8.16783e-06 7.48652e-06 1.49835e-05 7.65881e-06 8.83897e-06
LBK_EN 8.16783e-06 1.839e-05 6.45548e-06 1.31526e-05 5.95197e-06 6.23059e-06
Loschbour 7.48652e-06 6.45548e-06 1.57259e-05 1.40744e-05 5.48374e-06 7.03428e-06
MA1 1.49835e-05 1.31526e-05 1.40744e-05 6.12907e-05 1.399e-05 1.31805e-05
Mbuti 7.65881e-06 5.95197e-06 5.48374e-06 1.399e-05 1.62991e-05 5.40246e-06
Onge 8.83897e-06 6.23059e-06 7.03428e-06 1.31805e-05 5.40246e-06 1.73867e-05
