BakaDG FrenchDG HanDG MixeDG1 MixeDG2 UlchiDG 
BakaDG 6.47809e-05 3.44245e-05 3.26397e-05 3.7685e-05 3.50134e-05 3.60333e-05
FrenchDG 3.44245e-05 4.35607e-05 2.92247e-05 3.38384e-05 3.23477e-05 3.0435e-05
HanDG 3.26397e-05 2.92247e-05 3.71309e-05 3.11389e-05 3.22631e-05 2.89378e-05
MixeDG1 3.7685e-05 3.38384e-05 3.11389e-05 5.71717e-05 3.71584e-05 3.36878e-05
MixeDG2 3.50134e-05 3.23477e-05 3.22631e-05 3.71584e-05 5.0618e-05 3.13751e-05
UlchiDG 3.60333e-05 3.0435e-05 2.89378e-05 3.36878e-05 3.13751e-05 4.37025e-05
