Karitiana LBK_EN Loschbour MA1 Mbuti Onge 
Karitiana 1.39035e-05 3.51314e-06 3.48865e-06 6.89565e-06 3.42465e-06 3.71119e-06
LBK_EN 3.51314e-06 7.98766e-06 3.18213e-06 6.13373e-06 2.80934e-06 2.78321e-06
Loschbour 3.48865e-06 3.18213e-06 8.14831e-06 6.24589e-06 2.66232e-06 2.96745e-06
MA1 6.89565e-06 6.13373e-06 6.24589e-06 2.75075e-05 6.19573e-06 6.0816e-06
Mbuti 3.42465e-06 2.80934e-06 2.66232e-06 6.19573e-06 7.4719e-06 2.77704e-06
Onge 3.71119e-06 2.78321e-06 2.96745e-06 6.0816e-06 2.77704e-06 8.23123e-06
