Karitiana LBK_EN Loschbour MA1 Mbuti Onge 
Karitiana 4.5231e-05 1.33471e-05 1.02526e-05 2.11282e-05 1.02719e-05 1.0994e-05
LBK_EN 1.33471e-05 3.04598e-05 8.65557e-06 1.99201e-05 8.77875e-06 8.70845e-06
Loschbour 1.02526e-05 8.65557e-06 2.0403e-05 2.32376e-05 8.36101e-06 1.04973e-05
MA1 2.11282e-05 1.99201e-05 2.32376e-05 9.93172e-05 2.30829e-05 2.16795e-05
Mbuti 1.02719e-05 8.77875e-06 8.36101e-06 2.30829e-05 2.37767e-05 7.55914e-06
Onge 1.0994e-05 8.70845e-06 1.04973e-05 2.16795e-05 7.55914e-06 2.28763e-05
