Karitiana LBK_EN Loschbour MA1 Mbuti Onge 
Karitiana 9.45373e-06 2.39701e-06 2.43932e-06 4.75741e-06 2.42978e-06 2.59306e-06
LBK_EN 2.39701e-06 5.64741e-06 2.17961e-06 4.31072e-06 1.94695e-06 1.9334e-06
Loschbour 2.43932e-06 2.17961e-06 5.74256e-06 4.40492e-06 1.86609e-06 2.0402e-06
MA1 4.75741e-06 4.31072e-06 4.40492e-06 1.93188e-05 4.27561e-06 4.19009e-06
Mbuti 2.42978e-06 1.94695e-06 1.86609e-06 4.27561e-06 5.11934e-06 1.91133e-06
Onge 2.59306e-06 1.9334e-06 2.0402e-06 4.19009e-06 1.91133e-06 5.61077e-06
