Karitiana LBK_EN Loschbour MA1 Mbuti Onge 
Karitiana 0 0.00325245 0.00337208 0.00640809 0.00337275 0.00318508
LBK_EN 0.00325245 0 0.0021126 0.00583309 0.0025055 0.00252726
Loschbour 0.00337208 0.0021126 0 0.00592405 0.00268593 0.00266725
MA1 0.00640809 0.00583309 0.00592405 0 0.00607056 0.00604957
Mbuti 0.00337275 0.0025055 0.00268593 0.00607056 0 0.00257783
Onge 0.00318508 0.00252726 0.00266725 0.00604957 0.00257783 0
