BakaDG FrenchDG HanDG MixeDG1 MixeDG2 UlchiDG 
BakaDG 0 0.0032415 0.00515687 0.00893558 0.00842156 0.00626734
FrenchDG 0.0032415 0 0.00207014 0.00520917 0.00553738 0.00293284
HanDG 0.00515687 0.00207014 0 0.00420264 0.00420672 0.000741228
MixeDG1 0.00893558 0.00520917 0.00420264 0 0.00262702 0.00529248
MixeDG2 0.00842156 0.00553738 0.00420672 0.00262702 0 0.00416084
UlchiDG 0.00626734 0.00293284 0.000741228 0.00529248 0.00416084 0
