BakaDG FrenchDG HanDG MixeDG1 MixeDG2 UlchiDG 
BakaDG 0 0.00592784 0.00680878 0.00997281 0.00918209 0.00706092
FrenchDG 0.00592784 0 0.00309288 0.00581265 0.00503138 0.00341567
HanDG 0.00680878 0.00309288 0 0.00439589 0.0036419 0.000736626
MixeDG1 0.00997281 0.00581265 0.00439589 0 0.00157992 0.00441711
MixeDG2 0.00918209 0.00503138 0.0036419 0.00157992 0 0.00367669
UlchiDG 0.00706092 0.00341567 0.000736626 0.00441711 0.00367669 0
