Karitiana LBK_EN Loschbour MA1 Mbuti Onge 
Karitiana 0 0.0033434 0.00342821 0.00639006 0.00339672 0.00317437
LBK_EN 0.0033434 0 0.00210225 0.00573529 0.0024909 0.00250292
Loschbour 0.00342821 0.00210225 0 0.0057854 0.00262642 0.00259211
MA1 0.00639006 0.00573529 0.0057854 0 0.00590131 0.00585615
Mbuti 0.00339672 0.0024909 0.00262642 0.00590131 0 0.00247491
Onge 0.00317437 0.00250292 0.00259211 0.00585615 0.00247491 0
