BakaDG FrenchDG HanDG MixeDG1 MixeDG2 UlchiDG 
BakaDG 0 0.00591377 0.00679684 0.0099834 0.00919497 0.00706779
FrenchDG 0.00591377 0 0.00307887 0.00580001 0.00505178 0.00340482
HanDG 0.00679684 0.00307887 0 0.00437645 0.00364906 0.000713263
MixeDG1 0.0099834 0.00580001 0.00437645 0 0.0016028 0.00441613
MixeDG2 0.00919497 0.00505178 0.00364906 0.0016028 0 0.00370414
UlchiDG 0.00706779 0.00340482 0.000713263 0.00441613 0.00370414 0
