Karitiana LBK_EN Loschbour MA1 Mbuti Onge 
Karitiana 0 0.00327665 0.00336654 0.00619505 0.00335711 0.00312847
LBK_EN 0.00327665 0 0.0021477 0.00565841 0.00254418 0.00254169
Loschbour 0.00336654 0.0021477 0 0.00572135 0.002683 0.00264138
MA1 0.00619505 0.00565841 0.00572135 0 0.00586307 0.00580408
Mbuti 0.00335711 0.00254418 0.002683 0.00586307 0 0.00255148
Onge 0.00312847 0.00254169 0.00264138 0.00580408 0.00255148 0
