BakaDG FrenchDG HanDG MixeDG1 MixeDG2 UlchiDG 
BakaDG 0 0.00507908 0.00644797 0.00969248 0.00868131 0.00652381
FrenchDG 0.00507908 0 0.00318124 0.00602676 0.00506209 0.00310132
HanDG 0.00644797 0.00318124 0 0.00421399 0.0034707 0.00093591
MixeDG1 0.00969248 0.00602676 0.00421399 0 0.0015182 0.00451217
MixeDG2 0.00868131 0.00506209 0.0034707 0.0015182 0 0.00360279
UlchiDG 0.00652381 0.00310132 0.00093591 0.00451217 0.00360279 0
