BakaDG FrenchDG HanDG MixeDG1 MixeDG2 UlchiDG 
BakaDG 0 0.00579704 0.00680093 0.010053 0.00912004 0.00705171
FrenchDG 0.00579704 0 0.003027 0.00580675 0.00498554 0.00336157
HanDG 0.00680093 0.003027 0 0.00436728 0.00353477 0.00068445
MixeDG1 0.010053 0.00580675 0.00436728 0 0.001564 0.00446614
MixeDG2 0.00912004 0.00498554 0.00353477 0.001564 0 0.00364378
UlchiDG 0.00705171 0.00336157 0.00068445 0.00446614 0.00364378 0
