BakaDG FrenchDG HanDG MixeDG1 MixeDG2 UlchiDG 
BakaDG 0 0.00589479 0.00676513 0.0099467 0.00916315 0.0069968
FrenchDG 0.00589479 0 0.00305363 0.00579773 0.00505901 0.00338674
HanDG 0.00676513 0.00305363 0 0.0043645 0.00365784 0.000679048
MixeDG1 0.0099467 0.00579773 0.0043645 0 0.00157178 0.00443197
MixeDG2 0.00916315 0.00505901 0.00365784 0.00157178 0 0.00370065
UlchiDG 0.0069968 0.00338674 0.000679048 0.00443197 0.00370065 0
