Karitiana LBK_EN Loschbour MA1 Mbuti Onge 
Karitiana 0 0.00322377 0.00335588 0.00636219 0.0033559 0.00315593
LBK_EN 0.00322377 0 0.00211135 0.0057953 0.00249885 0.00250935
Loschbour 0.00335588 0.00211135 0 0.00589527 0.00269247 0.00266105
MA1 0.00636219 0.0057953 0.00589527 0 0.00603846 0.00600423
Mbuti 0.0033559 0.00249885 0.00269247 0.00603846 0 0.00256846
Onge 0.00315593 0.00250935 0.00266105 0.00600423 0.00256846 0
