BakaDG FrenchDG HanDG MixeDG1 MixeDG2 UlchiDG 
BakaDG 0 0.00592944 0.00680711 0.00995695 0.00917608 0.0070558
FrenchDG 0.00592944 0 0.00304827 0.00579814 0.00505086 0.00339924
HanDG 0.00680711 0.00304827 0 0.00431998 0.00362014 0.000673288
MixeDG1 0.00995695 0.00579814 0.00431998 0 0.00153324 0.00441672
MixeDG2 0.00917608 0.00505086 0.00362014 0.00153324 0 0.00369702
UlchiDG 0.0070558 0.00339924 0.000673288 0.00441672 0.00369702 0
