Karitiana LBK_EN Loschbour MA1 Mbuti Onge 
Karitiana 0 0.00322872 0.00336147 0.00634737 0.00334874 0.00314951
LBK_EN 0.00322872 0 0.00211274 0.00579258 0.00248967 0.00249915
Loschbour 0.00336147 0.00211274 0 0.00589418 0.00268426 0.00265291
MA1 0.00634737 0.00579258 0.00589418 0 0.00602193 0.0059851
Mbuti 0.00334874 0.00248967 0.00268426 0.00602193 0 0.00254814
Onge 0.00314951 0.00249915 0.00265291 0.0059851 0.00254814 0
