BakaDG FrenchDG HanDG MixeDG1 MixeDG2 UlchiDG 
BakaDG 0 0.00497792 0.00635482 0.00935516 0.00829282 0.00667569
FrenchDG 0.00497792 0 0.00315232 0.00552752 0.00467417 0.00341504
HanDG 0.00635482 0.00315232 0 0.0038027 0.00310585 0.00101908
MixeDG1 0.00935516 0.00552752 0.0038027 0 0.00176881 0.00480172
MixeDG2 0.00829282 0.00467417 0.00310585 0.00176881 0 0.00363623
UlchiDG 0.00667569 0.00341504 0.00101908 0.00480172 0.00363623 0
