Karitiana LBK_EN Loschbour MA1 Mbuti Onge 
Karitiana 0 0.00325367 0.00337309 0.00639952 0.00337812 0.00318549
LBK_EN 0.00325367 0 0.0021108 0.00582331 0.00250639 0.00252231
Loschbour 0.00337309 0.0021108 0 0.00591107 0.00268668 0.00266117
MA1 0.00639952 0.00582331 0.00591107 0 0.00606326 0.00603609
Mbuti 0.00337812 0.00250639 0.00268668 0.00606326 0 0.00257618
Onge 0.00318549 0.00252231 0.00266117 0.00603609 0.00257618 0
