Karitiana LBK_EN Loschbour MA1 Mbuti Onge 
Karitiana 0 0.00324462 0.00336533 0.00639277 0.00337518 0.00317533
LBK_EN 0.00324462 0 0.00210755 0.00581302 0.00250492 0.00251509
Loschbour 0.00336533 0.00210755 0 0.00590265 0.0026879 0.00265607
MA1 0.00639277 0.00581302 0.00590265 0 0.00605615 0.00602411
Mbuti 0.00337518 0.00250492 0.0026879 0.00605615 0 0.0025749
Onge 0.00317533 0.00251509 0.00265607 0.00602411 0.0025749 0
