Karitiana LBK_EN Loschbour MA1 Mbuti Onge 
Karitiana 0 0.00325122 0.00337137 0.00640648 0.00337417 0.00318306
LBK_EN 0.00325122 0 0.00210905 0.00582804 0.00250553 0.00252335
Loschbour 0.00337137 0.00210905 0 0.00591815 0.00268647 0.0026633
MA1 0.00640648 0.00582804 0.00591815 0 0.00606691 0.00604247
Mbuti 0.00337417 0.00250553 0.00268647 0.00606691 0 0.00257547
Onge 0.00318306 0.00252335 0.0026633 0.00604247 0.00257547 0
