BakaDG FrenchDG HanDG MixeDG1 MixeDG2 UlchiDG 
BakaDG 0 0.0055991 0.00687168 0.00996508 0.00915099 0.00699257
FrenchDG 0.0055991 0 0.00298404 0.00566495 0.00496507 0.00325205
HanDG 0.00687168 0.00298404 0 0.004304 0.00362426 0.000810864
MixeDG1 0.00996508 0.00566495 0.004304 0 0.00158496 0.00454258
MixeDG2 0.00915099 0.00496507 0.00362426 0.00158496 0 0.00369387
UlchiDG 0.00699257 0.00325205 0.000810864 0.00454258 0.00369387 0
