BakaDG FrenchDG HanDG MixeDG1 MixeDG2 UlchiDG 
BakaDG 0 0.000266735 0.000273777 0.000323176 0.000327632 0.000269727
FrenchDG 0.000266735 0 0.000208532 0.000295501 0.000267075 0.000252295
HanDG 0.000273777 0.000208532 0 0.000223914 0.000249876 0.000186195
MixeDG1 0.000323176 0.000295501 0.000223914 0 0.000228276 0.000266873
MixeDG2 0.000327632 0.000267075 0.000249876 0.000228276 0 0.000257339
UlchiDG 0.000269727 0.000252295 0.000186195 0.000266873 0.000257339 0
