BakaDG FrenchDG HanDG MixeDG1 MixeDG2 UlchiDG 
BakaDG 0 6.49991e-05 6.97292e-05 8.82374e-05 8.07239e-05 7.23469e-05
FrenchDG 6.49991e-05 0 5.71343e-05 7.61511e-05 7.08084e-05 6.20158e-05
HanDG 6.97292e-05 5.71343e-05 0 6.83947e-05 6.52764e-05 4.75182e-05
MixeDG1 8.82374e-05 7.61511e-05 6.83947e-05 0 6.22393e-05 7.1724e-05
MixeDG2 8.07239e-05 7.08084e-05 6.52764e-05 6.22393e-05 0 6.67973e-05
UlchiDG 7.23469e-05 6.20158e-05 4.75182e-05 7.1724e-05 6.67973e-05 0
