BakaDG FrenchDG HanDG MixeDG1 MixeDG2 UlchiDG 
BakaDG 0 0.000418737 0.000341528 0.000454954 0.000424634 0.000386045
FrenchDG 0.000418737 0 0.000280497 0.000355235 0.000363716 0.000387166
HanDG 0.000341528 0.000280497 0 0.000293073 0.000309468 0.000282672
MixeDG1 0.000454954 0.000355235 0.000293073 0 0.000360825 0.000415113
MixeDG2 0.000424634 0.000363716 0.000309468 0.000360825 0 0.000342526
UlchiDG 0.000386045 0.000387166 0.000282672 0.000415113 0.000342526 0
