BakaDG FrenchDG HanDG MixeDG1 MixeDG2 UlchiDG 
BakaDG 0 4.99916e-05 5.44334e-05 6.88316e-05 6.41137e-05 5.5509e-05
FrenchDG 4.99916e-05 0 4.40326e-05 5.85632e-05 5.4694e-05 4.70886e-05
HanDG 5.44334e-05 4.40326e-05 0 5.37359e-05 4.95324e-05 3.67697e-05
MixeDG1 6.88316e-05 5.85632e-05 5.37359e-05 0 4.81666e-05 5.4107e-05
MixeDG2 6.41137e-05 5.4694e-05 4.95324e-05 4.81666e-05 0 5.1156e-05
UlchiDG 5.5509e-05 4.70886e-05 3.67697e-05 5.4107e-05 5.1156e-05 0
