Karitiana LBK_EN Loschbour MA1 Mbuti Onge 
Karitiana 0 1.03351e-05 1.02297e-05 2.04834e-05 1.01401e-05 1.02325e-05
LBK_EN 1.03351e-05 0 7.19611e-06 1.90016e-05 7.26583e-06 7.55928e-06
Loschbour 1.02297e-05 7.19611e-06 0 1.89065e-05 7.18306e-06 7.59628e-06
MA1 2.04834e-05 1.90016e-05 1.89065e-05 0 1.89619e-05 1.89403e-05
Mbuti 1.01401e-05 7.26583e-06 7.18306e-06 1.89619e-05 0 7.13493e-06
Onge 1.02325e-05 7.55928e-06 7.59628e-06 1.89403e-05 7.13493e-06 0
