BakaDG FrenchDG HanDG MixeDG1 MixeDG2 UlchiDG 
BakaDG 0 7.95805e-05 8.71185e-05 0.000107994 9.78206e-05 8.89852e-05
FrenchDG 7.95805e-05 0 6.97063e-05 9.4368e-05 8.52022e-05 7.67796e-05
HanDG 8.71185e-05 6.97063e-05 0 8.22641e-05 7.92525e-05 5.85735e-05
MixeDG1 0.000107994 9.4368e-05 8.22641e-05 0 7.48424e-05 8.79017e-05
MixeDG2 9.78206e-05 8.52022e-05 7.92525e-05 7.48424e-05 0 8.26539e-05
UlchiDG 8.89852e-05 7.67796e-05 5.85735e-05 8.79017e-05 8.26539e-05 0
