Karitiana LBK_EN Loschbour MA1 Mbuti Onge 
Karitiana 0 2.33316e-05 2.3339e-05 4.50937e-05 2.30944e-05 2.34768e-05
LBK_EN 2.33316e-05 0 1.62278e-05 4.13359e-05 1.6315e-05 1.6279e-05
Loschbour 2.3339e-05 1.62278e-05 0 4.16859e-05 1.60091e-05 1.73692e-05
MA1 4.50937e-05 4.13359e-05 4.16859e-05 0 4.21412e-05 4.13059e-05
Mbuti 2.30944e-05 1.6315e-05 1.60091e-05 4.21412e-05 0 1.63934e-05
Onge 2.34768e-05 1.6279e-05 1.73692e-05 4.13059e-05 1.63934e-05 0
