Karitiana LBK_EN Loschbour MA1 Mbuti Onge 
Karitiana 0 0.000244705 0.000221258 0.000355595 0.000217744 0.00024117
LBK_EN 0.000244705 0 8.47474e-05 0.000317993 0.000134011 0.000136181
Loschbour 0.000221258 8.47474e-05 0 0.000261854 7.55591e-05 0.000114649
MA1 0.000355595 0.000317993 0.000261854 0 0.000318242 0.000299487
Mbuti 0.000217744 0.000134011 7.55591e-05 0.000318242 0 0.000113617
Onge 0.00024117 0.000136181 0.000114649 0.000299487 0.000113617 0
