Karitiana LBK_EN Loschbour MA1 Mbuti Onge 
Karitiana 0 9.20797e-05 7.21434e-05 0.000153848 7.39495e-05 7.33366e-05
LBK_EN 9.20797e-05 0 4.74707e-05 0.000147221 5.58481e-05 5.30811e-05
Loschbour 7.21434e-05 4.74707e-05 0 0.000150145 4.10614e-05 4.66976e-05
MA1 0.000153848 0.000147221 0.000150145 0 0.000153288 0.000145295
Mbuti 7.39495e-05 5.58481e-05 4.10614e-05 0.000153288 0 4.57657e-05
Onge 7.33366e-05 5.30811e-05 4.66976e-05 0.000145295 4.57657e-05 0
