BakaDG FrenchDG HanDG MixeDG1 MixeDG2 UlchiDG 
BakaDG 0 0.000111701 0.000123632 0.000151153 0.000138435 0.000130126
FrenchDG 0.000111701 0 9.48013e-05 0.000124516 0.000116497 0.000107456
HanDG 0.000123632 9.48013e-05 0 0.000113115 0.000109876 8.44036e-05
MixeDG1 0.000151153 0.000124516 0.000113115 0 0.000101706 0.000125289
MixeDG2 0.000138435 0.000116497 0.000109876 0.000101706 0 0.000115653
UlchiDG 0.000130126 0.000107456 8.44036e-05 0.000125289 0.000115653 0
