Karitiana LBK_EN Loschbour MA1 Mbuti Onge 
Karitiana 0 1.60036e-05 1.60995e-05 3.15561e-05 1.59702e-05 1.61502e-05
LBK_EN 1.60036e-05 0 1.14979e-05 2.93708e-05 1.12629e-05 1.14859e-05
Loschbour 1.60995e-05 1.14979e-05 0 2.94471e-05 1.10383e-05 1.19395e-05
MA1 3.15561e-05 2.93708e-05 2.94471e-05 0 2.93801e-05 2.90193e-05
Mbuti 1.59702e-05 1.12629e-05 1.10383e-05 2.93801e-05 0 1.11732e-05
Onge 1.61502e-05 1.14859e-05 1.19395e-05 2.90193e-05 1.11732e-05 0
