BakaDG FrenchDG HanDG MixeDG1 MixeDG2 UlchiDG 
BakaDG 0 5.57325e-05 6.00604e-05 7.59457e-05 7.09057e-05 6.1669e-05
FrenchDG 5.57325e-05 0 4.93365e-05 6.55719e-05 6.14806e-05 5.29995e-05
HanDG 6.00604e-05 4.93365e-05 0 5.91008e-05 5.59812e-05 4.13415e-05
MixeDG1 7.59457e-05 6.55719e-05 5.91008e-05 0 5.34804e-05 6.12604e-05
MixeDG2 7.09057e-05 6.14806e-05 5.59812e-05 5.34804e-05 0 5.73411e-05
UlchiDG 6.1669e-05 5.29995e-05 4.13415e-05 6.12604e-05 5.73411e-05 0
