Karitiana LBK_EN Loschbour MA1 Mbuti Onge 
Karitiana 0 1.15832e-05 1.14017e-05 2.26512e-05 1.13989e-05 1.14881e-05
LBK_EN 1.15832e-05 0 8.01715e-06 2.11323e-05 8.11557e-06 8.46558e-06
Loschbour 1.14017e-05 8.01715e-06 0 2.10309e-05 7.96986e-06 8.44302e-06
MA1 2.26512e-05 2.11323e-05 2.10309e-05 0 2.10746e-05 2.1077e-05
Mbuti 1.13989e-05 8.11557e-06 7.96986e-06 2.10746e-05 0 8.04303e-06
Onge 1.14881e-05 8.46558e-06 8.44302e-06 2.1077e-05 8.04303e-06 0
