Karitiana LBK_EN Loschbour MA1 Mbuti Onge 
Karitiana 0 5.52117e-05 5.0928e-05 0.000100286 5.11946e-05 5.52437e-05
LBK_EN 5.52117e-05 0 3.2957e-05 9.24552e-05 3.61235e-05 3.64319e-05
Loschbour 5.0928e-05 3.2957e-05 0 9.34583e-05 3.02961e-05 3.67444e-05
MA1 0.000100286 9.24552e-05 9.34583e-05 0 9.4294e-05 9.06732e-05
Mbuti 5.11946e-05 3.61235e-05 3.02961e-05 9.4294e-05 0 3.38519e-05
Onge 5.52437e-05 3.64319e-05 3.67444e-05 9.06732e-05 3.38519e-05 0
