Karitiana LBK_EN Loschbour MA1 Mbuti Onge 
Karitiana 0 1.3218e-05 1.31034e-05 2.62026e-05 1.31465e-05 1.31474e-05
LBK_EN 1.3218e-05 0 9.19917e-06 2.42824e-05 9.22653e-06 9.59509e-06
Loschbour 1.31034e-05 9.19917e-06 0 2.41833e-05 9.22236e-06 9.77071e-06
MA1 2.62026e-05 2.42824e-05 2.41833e-05 0 2.41689e-05 2.408e-05
Mbuti 1.31465e-05 9.22653e-06 9.22236e-06 2.41689e-05 0 9.35092e-06
Onge 1.31474e-05 9.59509e-06 9.77071e-06 2.408e-05 9.35092e-06 0
