BakaDG FrenchDG HanDG MixeDG1 MixeDG2 UlchiDG 
BakaDG 0 0.000334788 0.00068401 0.000797367 0.00059331 0.000621307
FrenchDG 0.000334788 0 0.000437237 0.000726081 0.000900586 0.000759215
HanDG 0.00068401 0.000437237 0 0.000662014 0.000723474 0.000726474
MixeDG1 0.000797367 0.000726081 0.000662014 0 0.0010878 0.000971892
MixeDG2 0.00059331 0.000900586 0.000723474 0.0010878 0 0.000739021
UlchiDG 0.000621307 0.000759215 0.000726474 0.000971892 0.000739021 0
