Karitiana LBK_EN Loschbour MA1 Mbuti Onge 
Karitiana 0 9.47021e-06 9.34735e-06 1.86065e-05 9.203e-06 9.3415e-06
LBK_EN 9.47021e-06 0 6.52612e-06 1.73615e-05 6.63354e-06 6.91306e-06
Loschbour 9.34735e-06 6.52612e-06 0 1.72297e-05 6.46469e-06 6.87336e-06
MA1 1.86065e-05 1.73615e-05 1.72297e-05 0 1.72829e-05 1.72806e-05
Mbuti 9.203e-06 6.63354e-06 6.46469e-06 1.72829e-05 0 6.47874e-06
Onge 9.3415e-06 6.91306e-06 6.87336e-06 1.72806e-05 6.47874e-06 0
